% 初期パラメータ
%Y_1 = -0.0030, Y_2 = -0.0010
% 各関節角度
% init_q1	= (pi / 180) * [100.0; -44.5];
% init_q2	= (pi / 180) * [70.0; 71.0];
init_q1	= [2.1670; -1.75160];
init_q2	= [0.9745;  1.75160];

% 物体初期位置・姿勢
% init_o	= [0.030; 0.080; 0.0 * pi / 180];
init_o		= [0.050; 0.080; 0.0 * pi / 180];

% 各関節各速度
init_dq1	= [0.0; 0.0];
init_dq2	= [0.0; 0.0];
% 物体初期速度
init_do		= [0.0; 0.0; 0.0];
